object Form1: TForm1
  Left = 0
  Top = 0
  Caption = 'Form1'
  ClientHeight = 480
  ClientWidth = 436
  FormFactor.Width = 320
  FormFactor.Height = 480
  FormFactor.Devices = [Desktop]
  DesignerMasterStyle = 0
  object Label1: TLabel
    Position.X = 176.000000000000000000
    Position.Y = 8.000000000000000000
    Size.Width = 57.000000000000000000
    Size.Height = 17.000000000000000000
    Size.PlatformDefault = False
    Text = 'Label1'
    TabOrder = 0
  end
end
